17
ON640726.1_Miniopterus-magnater        0.00000  0.13461  1.44926  1.53539  1.26387  1.07439  1.19773  1.13630  1.21481  1.20409  1.18361  1.14152  1.20417  1.24724  1.25412  0.93499  0.32490
AB085735.1_Miniopterus-fuliginosus     0.13461  0.00000  1.48142  1.56755  1.29603  1.10655  1.22989  1.16846  1.24697  1.23625  1.21577  1.17368  1.23633  1.27941  1.28628  0.96715  0.35707
ON640722.1_Tylonycteris-pachypus       1.44926  1.48142  0.00000  0.78257  0.86128  0.97358  1.51156  1.45013  1.52864  1.51791  1.49744  1.45535  1.51800  1.56107  1.56795  1.44055  1.56638
AB085738.1_Vespertilio-superans        1.53539  1.56755  0.78257  0.00000  0.94741  1.05971  1.59769  1.53626  1.61477  1.60404  1.58357  1.54148  1.60413  1.64720  1.65408  1.52668  1.65251
AB085739.2_Pipistrellus-abramus        1.26387  1.29603  0.86128  0.94741  0.00000  0.78819  1.32617  1.26474  1.34325  1.33252  1.31204  1.26995  1.33261  1.37568  1.38256  1.25515  1.38099
AB106608.1_Myotis-ricketti             1.07439  1.10655  0.97358  1.05971  0.78819  0.00000  1.13669  1.07526  1.15377  1.14304  1.12256  1.08047  1.14313  1.18620  1.19308  1.06567  1.19151
AB085731.1_Rhinolophus-ferrumequinum  1.19773  1.22989  1.51156  1.59769  1.32617  1.13669  0.00000  0.24342  0.40893  0.39820  0.37772  0.33563  0.39829  0.70324  0.71012  1.18902  1.31485
MZ936290.1_Rhinolophus-blasii          1.13630  1.16846  1.45013  1.53626  1.26474  1.07526  0.24342  0.00000  0.34750  0.33677  0.31629  0.27420  0.33686  0.64180  0.64868  1.12758  1.25342
KP972690.1_Rhinolophus-affinis         1.21481  1.24697  1.52864  1.61477  1.34325  1.15377  0.40893  0.34750  0.00000  0.29157  0.34882  0.30674  0.37630  0.72032  0.72720  1.20610  1.33193
HM134917.1_Rhinolophus-sinicus         1.20409  1.23625  1.51791  1.60404  1.33252  1.14304  0.39820  0.33677  0.29157  0.00000  0.33810  0.29601  0.36558  0.70959  0.71647  1.19537  1.32121
ON012504.1_Rhinolophus-pusillus        1.18361  1.21577  1.49744  1.58357  1.31204  1.12256  0.37772  0.31629  0.34882  0.33810  0.00000  0.18171  0.34510  0.68911  0.69599  1.17489  1.30073
KX261916.1_Rhinolophus-macrotis        1.14152  1.17368  1.45535  1.54148  1.26995  1.08047  0.33563  0.27420  0.30674  0.29601  0.18171  0.00000  0.30301  0.64702  0.65390  1.13280  1.25864
JX502551.1_Rhinolophus-pearsonii       1.20417  1.23633  1.51800  1.60413  1.33261  1.14313  0.39829  0.33686  0.37630  0.36558  0.34510  0.30301  0.00000  0.70968  0.71655  1.19545  1.32129
OP894116.1_Hipposideros-pratti         1.24724  1.27941  1.56107  1.64720  1.37568  1.18620  0.70324  0.64180  0.72032  0.70959  0.68911  0.64702  0.70968  0.00000  0.56876  1.23853  1.36437
DQ888677.1_Aselliscus-stoliczkanus     1.25412  1.28628  1.56795  1.65408  1.38256  1.19308  0.71012  0.64868  0.72720  0.71647  0.69599  0.65390  0.71655  0.56876  0.00000  1.24541  1.37124
ON640662.1_Chaerephon-plicatus         0.93499  0.96715  1.44055  1.52668  1.25515  1.06567  1.18902  1.12758  1.20610  1.19537  1.17489  1.13280  1.19545  1.23853  1.24541  0.00000  1.05211
MN366288.1_Miniopterus-pusillus        0.32490  0.35707  1.56638  1.65251  1.38099  1.19151  1.31485  1.25342  1.33193  1.32121  1.30073  1.25864  1.32129  1.36437  1.37124  1.05211  0.00000