((DQ412043-KX261916:0.09625349711767931804,DQ648857-KX261916:0.09625349711767931804):0.20771664794680622101,
((GU190215-MZ936290:0.20771664794680622101,NC_014470-MZ936290:0.20771664794680622101):0.17550292708713022272,
((((EU420138-ON640726:0.17550292708713022272):0.00000512005242292814,
KJ473795-AB085735:0.00000512005242292814,KJ473796-AB085735:0.00000512005242292814,KJ473797-AB085735:0.00000512005242292814,KJ473798-AB085735:0.00000512005242292814,KJ473799-AB085735:0.00000512005242292814,KJ473800-AB085735:0.00000512005242292814):0.06098915895999379444,
DQ022305-HM134917:0.18456695204486514572,DQ084199-HM134917:0.18456695204486514572,DQ084200-HM134917:0.18456695204486514572,FJ588686-HM134917:0.18456695204486514572,
GQ153539-HM134917:0.18456695204486514572,GQ153540-HM134917:0.18456695204486514572,GQ153541-HM134917:0.18456695204486514572,GQ153542-HM134917:0.18456695204486514572,GQ153543-HM134917:0.18456695204486514572,GQ153544-HM134917:0.18456695204486514572,GQ153545-HM134917:0.18456695204486514572,
GQ153546-HM134917:0.18456695204486514572,GQ153547-HM134917:0.18456695204486514572,GQ153548-HM134917:0.18456695204486514572,KC881005-HM134917:0.18456695204486514572,KC881006-HM134917:0.18456695204486514572,KF367457-HM134917:0.18456695204486514572,KJ473814-HM134917:0.18456695204486514572,
KJ473815-HM134917:0.18456695204486514572,KJ473816-HM134917:0.18456695204486514572,KT444582-HM134917:0.18456695204486514572,KY417143-HM134917:0.18456695204486514572,KY417144-HM134917:0.18456695204486514572,KY417146-HM134917:0.18456695204486514572,
KY417147-HM134917:0.18456695204486514572,KY417148-HM134917:0.18456695204486514572,KY417149-HM134917:0.18456695204486514572,KY417150-HM134917:0.18456695204486514572,KY417151-HM134917:0.18456695204486514572,KY417152-HM134917:0.18456695204486514572,
KY770858-HM134917:0.18456695204486514572,KY770859-HM134917:0.18456695204486514572,MG772933-HM134917:0.18456695204486514572,MG772934-HM134917:0.18456695204486514572):0.00000512005242292814,
MN996532-KP972690:0.21024186281304985124):0.06125396666909751348):0.06700359527907520651,
JX993987-ON012504:0.14896389622904990246);